[0.15873376 0.15873376 0.15873376 0.15873376 0.15873376 0.15873376
 0.15873376 0.15873376 0.15873376 0.15873376 0.15873376 0.15873376
 0.15873376 0.15873376 0.15873376 0.15873376 0.15873376 0.15873376
 0.15873376 0.15873376 0.15873376 0.15873376 0.15873376 0.15873376
 0.15873376 0.15873376 0.15873376 0.15873376 0.15873376 0.15873376
 0.15873407 0.15873407 0.15873376 0.15873376 0.15873376 0.15873376
 0.15873376 0.15873376 0.15873376 0.15873376 0.15873376 0.15873376
 0.15873376 0.15873376 0.15873376 0.15873376 0.15873376 1.1402767
 0.5222582  0.43775883 0.62148786 0.17341112 0.41939333 1.1181811
 0.79062974 0.15873376 1.4903675  0.7023686  1.1476426  0.9083553
 0.9819597  0.55165607 1.1255453  2.4285264  1.1513255  2.1955497
 1.7596817  1.8445867  2.0329452  0.8053422  3.0395732  1.8408954
 1.6342155  2.287978   1.9479834  1.5604377  2.3101654  1.4940549
 1.9258242  1.3171092  0.8016642  0.2541562  0.7612055  0.683984
 0.58105737 1.8519713  1.1108156  1.9221311  0.15873376 1.1807908
 0.9083553  0.735463   0.9819597  1.4166274  0.9009959  0.764884
 0.7317856  0.996683   1.1034507  1.2986845  1.505118   0.82741386
 1.177107   0.6435438  1.3023692  1.3576494  0.735463   1.2102594
 0.9561965  1.0077262  0.9230739  0.82741386 1.1181811  0.8126993
 1.3981951  0.69133735 0.8126993  0.8936365  0.74649566 0.6950145
 0.7023686  0.15873376 2.232517   1.0298136  0.5847318  0.9856411
 1.4756176  1.28763    1.1807908  1.457182   1.1697409  0.82005626
 1.3613359  1.0592653  1.1292282  1.8113598  1.2139436  1.3060541
 1.3097388  0.15873376 0.07825209 0.07825209 0.07825209 0.07825209
 0.07825209 0.07825209 0.07825209 0.07825209 0.07825209 0.07825209
 0.07825209 0.07825209 0.07825209 0.07825209 0.07825209 0.07825209
 0.07825209 0.07825209 0.07825206 0.07825206 0.07825209 0.07825209
 0.07825209 0.07825209 0.07825209 0.07825209 0.07825209 0.07825209
 0.07825209 0.07825209 0.07825209 0.07825209 0.07825209 0.07825209
 0.07825209 0.07825209 0.07825209 0.07825209 0.07825209 0.07825209
 0.07825209 0.07825209 0.07825209 0.07825209 0.07825209 0.07825209
 0.07825209 0.07825209 0.07825209 0.07825209 0.07825206 0.07825206
 0.07825209 0.07825209 0.08188067 0.07825209 0.08188067 0.0963941
 0.08188067 0.10728034 0.07825209 0.10002313 0.13994113 0.12542464
 0.16534647 0.15082905 0.13994113 0.19438477 0.13994113 0.18349539
 0.16897655 0.154458   0.24157903 0.23068692 0.154458   0.32146445
 0.3359914  0.19075486 0.2960437  0.08913752 0.13631247 0.14357033
 0.18349516 0.3033059  0.17260586 0.24884002 0.11453835 0.4595072
 0.12179581 0.10002313 0.19075486 0.23068692 0.18349539 0.07825209
 0.24157903 0.10728034 0.19438477 0.132683   0.132683   0.17623605
 0.19801486 0.11453835 0.18349539 0.15808775 0.07825209 0.24157903
 0.20890516 0.07825209 0.21253563 0.10002313 0.12179581 0.15082905
 0.18349539 0.15082905 0.16171712 0.15808785 0.11453835 0.07825209
 0.31420094 0.17260586 0.48494348 0.07825209 0.2742565  0.132683
 0.07825209 0.53218967 0.20890516 0.13631247 0.21616575 0.154458
 0.14357033 0.1798652  0.154458   0.16897655 0.13994113 0.13994113
 0.10728034 0.13994113 0.10728034 0.16897655 0.17926256 0.17926256
 0.17926256 0.17926256 0.17926256 0.17926256 0.17926246 0.17926246
 0.17926256 0.17926256 0.17926256 0.17926256 0.17926256 0.17926256
 0.17926256 0.17926256 0.17926256 0.17926256 0.17926256 0.17926256
 0.17926256 0.17926256 0.17926256 0.17926256 0.17926256 0.17926256
 0.17926256 0.17926256 0.17926256 0.17926256 0.17926256 0.17926256
 0.17926256 0.17926256 0.17926256 0.17926256 0.17926256 0.17926256
 0.17926246 0.17926246 0.17926256 0.17926256 0.17926256 0.17926256
 0.17926256 0.17926256 0.17926256 0.19025601 0.19025601 0.1865919
 0.21957706 0.208581   0.19758639 0.23423846 0.27089593 0.25256652
 0.42491204 0.35522684 0.4542586  0.54231757 0.34055924 0.38456598
 0.6928185  0.57167697 0.9058652  0.6524322  0.5790172  0.42124385
 0.8470771  0.70750636 0.8838178  1.1484998  0.24523589 1.2441416
 0.6524322  0.6524322  0.6634459  0.8250347  0.8470771  0.7111781
 0.6487607  0.49828455 0.64508945 0.7883011  0.74422884 0.8323816
 0.7148497  0.718522   0.7405557  0.6414183  0.98671997 0.9389388
 1.2956554  1.3950294  1.0050983  0.7993209  0.9426144  1.027156
 1.4060725  1.8702991  1.4502519  1.2956554  1.1779252  1.3913474
 1.4097536  1.3324559  1.5570464  1.4612969  1.2073526  0.90954053
 0.88749254 1.2478211  1.54968    1.6859912  2.0252085  1.4870732
 0.70750636 0.9058652  2.1211474  1.9145502  2.0584152  1.9477433
 1.6491443  1.3066944  1.2036734  2.3832943  2.0621047  2.8786852
 2.1026952  0.81401455 0.6928185  1.5533634  1.9551208  1.9883187
 1.4907552  1.3619001  1.1485001  0.924239   1.1705687  1.2257464
 0.05043088 0.05043088 0.05043088 0.05043088 0.05043088 0.05043088
 0.05043088 0.05043088 0.05043088 0.05043088 0.05043088 0.05043088
 0.05043088 0.05043088 0.05043088 0.05043088 0.05043088 0.05043088
 0.05043088 0.05043088 0.05043088 0.05043088 0.05043088 0.05043088
 0.05043088 0.05043088 0.0504311  0.0504311  0.05043088 0.05043088
 0.05043088 0.05043088 0.05043088 0.05043088 0.05043088 0.05043088
 0.05043088 0.05043088 0.05043088 0.05043088 0.05043088 0.05043088
 0.05043088 0.05043088 0.05043088 0.05043088 0.05043088 0.05043088
 0.05043088 0.05406298 0.05043088 0.05406298 0.05406298 0.05043088
 0.0794874  0.06495913 0.06132662 0.05406298 0.06495894 0.06132686
 0.05043088 0.06132662 0.10491543 0.08311976 0.11217997 0.09401746
 0.06495913 0.0794874  0.10491543 0.12671201 0.12307972 0.09401746
 0.14124483 0.08675234 0.09765036 0.07222295 0.06859079 0.08311976
 0.08311976 0.13034536 0.08311976 0.06859079 0.07585553 0.06859079
 0.08311976 0.08311976 0.06495913 0.06495913 0.06495913 0.50845546
 0.06495894 0.07222295 0.12307972 0.11581364 0.09038483 0.11581364
 0.10854808 0.08311976 0.1012826  0.07585553 0.09765036 0.07585553
 0.08675234 0.0794874  0.14851162 0.06495913 0.08311976 0.08311976
 0.08311976 0.07585553 0.07222295 0.09765036 0.09765036 0.10491543
 0.14124483 0.09765036 0.09401746 0.08675234 0.09038483 0.1012826
 0.05769504 0.08675234 0.14124493 0.06859089 0.07585553 0.08675234
 0.10854808 0.10491543 0.07585553 0.06859079 0.07585553 0.05769504
 0.06132662 0.07222295 0.09401746 0.07222295 0.0794877  0.09764997
 0.08675254]








[0.         0.         0.         0.         0.         0.
 0.         0.         0.         0.         0.         0.
 0.         0.         0.         0.         0.         0.
 0.         0.         0.         0.         0.         0.
 0.         0.         0.         0.         0.         0.
 0.         0.         0.         0.         0.         0.
 0.         0.         0.         0.         0.         0.
 0.         0.         0.         0.         1.2376246  0.45889455
 0.35228264 0.58404756 0.01854119 0.32910618 1.2098129  0.79727125
 0.         1.6779779  0.6860241  1.2468952  0.9456008  1.0383068
 0.4959769  1.2190834  2.8553438  1.2515305  2.56332    2.0163548
 2.1229668  2.3593667  0.8158125  3.6201677  2.1183314  1.8587545
 2.6792023  2.252755   1.7660486  2.707014   1.6826133  2.2249432
 1.4601189  0.8111772  0.12051776 0.76018894 0.66284764 0.5330593
 2.1322372  1.2005422  2.2203078  0.         1.288613   0.9456008
 0.7277418  1.0383068  1.5852721  0.9363302  0.7648242  0.72310656
 1.056848   1.1912717  1.4369425  1.6965191  0.84362423 1.2839776
 0.6118594  1.4415778  1.5111072  0.7277418  1.3256953  1.0058597
 1.0707538  0.9641421  0.84362423 1.2098129  0.8250831  1.5620955
 0.67211825 0.8250831  0.9270596  0.7416477  0.6767535  0.6860241
 0.         2.609673   1.0985657  0.5376946  1.042942   1.6594368
 1.4230366  1.288613   1.6362603  1.274707   0.8343536  1.5157425
 1.135648   1.2237188  2.081249   1.3303306  1.4462131  1.4508483
 0.         0.         0.         0.         0.         0.
 0.         0.         0.         0.         0.         0.
 0.         0.         0.         0.         0.         0.
 0.         0.         0.         0.         0.         0.
 0.         0.         0.         0.         0.         0.
 0.         0.         0.         0.         0.         0.
 0.         0.         0.         0.         0.         0.
 0.         0.         0.         0.         0.         0.
 0.         0.         0.         0.         0.         0.
 0.         0.0046353  0.         0.0046353  0.02317649 0.0046353
 0.03708239 0.         0.02781179 0.07880007 0.06025888 0.11124715
 0.09270597 0.07880007 0.14832954 0.07880007 0.13442364 0.11588245
 0.09734126 0.2085884  0.19468252 0.09734126 0.310565   0.32910618
 0.14369425 0.2781179  0.01390589 0.07416477 0.08343537 0.13442364
 0.2873885  0.12051776 0.21785903 0.04635298 0.4867063  0.05562358
 0.02781179 0.14369425 0.19468252 0.13442364 0.         0.2085884
 0.03708239 0.14832954 0.06952947 0.06952947 0.12515305 0.15296485
 0.04635298 0.13442364 0.10197657 0.         0.2085884  0.16687074
 0.         0.17150603 0.02781179 0.05562358 0.09270597 0.13442364
 0.09270597 0.10661186 0.10197657 0.04635298 0.         0.3012944
 0.12051776 0.5191534  0.         0.2503061  0.06952947 0.
 0.5794123  0.16687074 0.07416477 0.17614132 0.09734126 0.08343537
 0.12978835 0.09734126 0.11588245 0.07880007 0.07880007 0.03708239
 0.07880007 0.03708239 0.11588245 0.         0.         0.
 0.         0.         0.         0.         0.         0.
 0.         0.         0.         0.         0.         0.
 0.         0.         0.         0.         0.         0.
 0.         0.         0.         0.         0.         0.
 0.         0.         0.         0.         0.         0.
 0.         0.         0.         0.         0.         0.
 0.         0.         0.         0.         0.         0.
 0.         0.         0.01390589 0.01390589 0.0092706  0.05098828
 0.03708239 0.02317649 0.06952947 0.11588245 0.09270597 0.310565
 0.2224943  0.34764737 0.45889455 0.20395313 0.2595767  0.64894176
 0.4959769  0.9177891  0.5979535  0.50524753 0.3059297  0.84362423
 0.667483   0.8899772  1.2237188  0.08343537 1.3442365  0.5979535
 0.5979535  0.6118594  0.8158125  0.84362423 0.67211825 0.59331816
 0.40327096 0.5886829  0.76945955 0.71383595 0.8250831  0.6767535
 0.68138885 0.7092006  0.58404756 1.0197656  0.95950675 1.4091306
 1.5342838  1.042942   0.7833654  0.9641421  1.0707538  1.5481895
 2.1322372  1.6038132  1.4091306  1.2608011  1.5296484  1.5528249
 1.4554836  1.7382369  1.617719   1.2978835  0.9224244  0.89461255
 1.3488718  1.7289662  1.9004723  2.3269196  1.6501662  0.667483
 0.9177891  2.4474375  2.1878607  2.3686373  2.2295785  1.8541192
 1.4230366  1.2932482  2.7765436  2.3732727  3.3976738  2.4242609
 0.8019066  0.64894176 1.7336016  2.238849   2.2805667  1.6548015
 1.4925661  1.2237188  0.94096553 1.2515305  1.32106    0.
 0.         0.         0.         0.         0.         0.
 0.         0.         0.         0.         0.         0.
 0.         0.         0.         0.         0.         0.
 0.         0.         0.         0.         0.         0.
 0.         0.         0.         0.         0.         0.
 0.         0.         0.         0.         0.         0.
 0.         0.         0.         0.         0.         0.
 0.         0.         0.         0.         0.         0.
 0.0046353  0.         0.0046353  0.0046353  0.         0.03708239
 0.01854119 0.01390589 0.0046353  0.01854119 0.01390589 0.
 0.01390589 0.06952947 0.04171769 0.07880007 0.05562358 0.01854119
 0.03708239 0.06952947 0.09734126 0.09270597 0.05562358 0.11588245
 0.04635298 0.06025888 0.02781179 0.02317649 0.04171769 0.04171769
 0.10197657 0.04171769 0.02317649 0.03244709 0.02317649 0.04171769
 0.04171769 0.01854119 0.01854119 0.01854119 0.58404756 0.01854119
 0.02781179 0.09270597 0.08343537 0.05098828 0.08343537 0.07416477
 0.04171769 0.06489418 0.03244709 0.06025888 0.03244709 0.04635298
 0.03708239 0.12515305 0.01854119 0.04171769 0.04171769 0.04171769
 0.03244709 0.02781179 0.06025888 0.06025888 0.06952947 0.11588245
 0.06025888 0.05562358 0.04635298 0.05098828 0.06489418 0.0092706
 0.04635298 0.11588245 0.02317649 0.03244709 0.04635298 0.07416477
 0.06952947 0.03244709 0.02317649 0.03244709 0.0092706  0.01390589
 0.02781179 0.05562358 0.02781179 0.03708239 0.06025888 0.04635298
 0.04635298]