[-0.02878782  0.10613602  0.03982957  0.04183036  0.04818167  0.05471012
  0.06101518  0.06704915  0.07280416  0.07827945  0.07827945  0.07827945
  0.07827945  0.07827945  0.07827945  0.07827945  0.07827945  0.07827945
  0.07827945  0.07827945  0.07827945  0.07827945  0.07827945  0.07827945
  0.07827945  0.07827945  0.07827945  0.07827945  0.07827945  0.07827945
  0.07827951  0.07827951  0.07827945  0.07827945  0.07827945  0.07827945
  0.07827945  0.07827945  0.07827945  0.07827945  0.07827945  0.07827945
  0.07827945  0.07827945  0.07827945  0.07827945  0.07827945  0.5114553
  0.23878479  0.20148362  0.28258184  0.0847623   0.19337624  0.50171053
  0.35722098  0.07827945  0.665805    0.31827548  0.5147034   0.40916052
  0.44162938  0.2517614   0.5049584   1.0790409   0.5163274   0.97647256
  0.78448874  0.8218959   0.90486455  0.36371264  1.3478951   0.82026905
  0.7292029   1.0171685   0.8674432   0.6966894   1.0269364   0.6674307
  0.85768265  0.58942854  0.36209023  0.12041956  0.34423855  0.31016278
  0.26473764  0.8251487   0.49846292  0.85605603  0.07827945  0.5293211
  0.40916052  0.33882934  0.4538813   0.6529182   0.42874628  0.37230843
  0.3582447   0.45776626  0.45538464  0.5301567   0.615806    0.33671254
  0.4763099   0.2531291   0.5200165   0.5385446   0.2812761   0.477619
  0.37257084  0.3938799   0.3588735   0.31930974  0.43955088  0.3132237
  0.555303    0.2630228   0.3132237   0.3466994   0.28583977  0.26454395
  0.26758602  0.04261688  0.8999502   0.40301326  0.21891873  0.38474727
  0.5873004   0.5096026   0.46543622  0.5796815   0.46086788  0.3162667
  0.54006803  0.41519147  0.44411847  0.72602105  0.4791416   0.51721823
  0.5187417   0.04261688 -0.02878782  0.10613602  0.03982957  0.04183036
  0.04818167  0.05471012  0.06101518  0.06704915  0.07280416  0.07827945
  0.07827945  0.07827945  0.07827945  0.07827945  0.07827945  0.07827945
  0.07827945  0.07827945  0.07827951  0.07827951  0.07827945  0.07827945
  0.07827945  0.07827945  0.07827945  0.07827945  0.07827945  0.07827945
  0.07827945  0.07827945  0.07827945  0.07827945  0.07827945  0.07827945
  0.07827945  0.07827945  0.07827945  0.07827945  0.07827945  0.07827945
  0.07827945  0.07827945  0.07827945  0.07827945  0.07827945  0.07827945
  0.07827945  0.07827945  0.07827945  0.07827945  0.07827951  0.07827951
  0.07827945  0.07827945  0.07990011  0.07827945  0.07990011  0.08638258
  0.07990011  0.09124471  0.07827945  0.08800312  0.1058317   0.09934858
  0.11717755  0.11069427  0.1058317   0.13014595  0.1058317   0.12528253
  0.11879917  0.11231507  0.15122017  0.14635678  0.11231507  0.18688998
  0.19337624  0.12852454  0.1755399   0.08314164  0.10421076  0.10745247
  0.12528244  0.17878282  0.12041956  0.15446272  0.09448621  0.2485165
  0.09772758  0.08800312  0.1285249   0.15175256  0.13566461  0.09300415
  0.17108208  0.11405493  0.15401834  0.10955861  0.07450272  0.10166453
  0.11552017  0.0781938   0.10234186  0.0868819   0.04829484  0.11098792
  0.09731167  0.04261688  0.09883138  0.05173151  0.06084638  0.07300101
  0.08667508  0.07300101  0.07755881  0.07603929  0.05780823  0.04261688
  0.14138441  0.08211671  0.21283633  0.04261688  0.12466553  0.06540436
  0.04261688  0.23260516  0.09731167  0.06692351  0.10035078  0.07451991
  0.0699621   0.08515587  0.07451991  0.08059759  0.06844283  0.06844283
  0.05476978  0.06844283  0.05476978  0.08059759 -0.02878782  0.10613602
  0.03982957  0.04183036  0.04818167  0.05471012  0.06101514  0.06704932
  0.07280416  0.07827945  0.07827945  0.07827945  0.07827945  0.07827945
  0.07827945  0.07827945  0.07827945  0.07827945  0.07827945  0.07827945
  0.07827945  0.07827945  0.07827945  0.07827945  0.07827945  0.07827945
  0.07827945  0.07827945  0.07827945  0.07827945  0.07827945  0.07827945
  0.07827945  0.07827945  0.07827945  0.07827945  0.07827945  0.07827945
  0.07827951  0.07827951  0.07827945  0.07827945  0.07827945  0.07827945
  0.07827945  0.07827945  0.07827945  0.08314164  0.08314164  0.08152089
  0.09610675  0.09124471  0.08638258  0.10259043  0.11879917  0.11069427
  0.18688998  0.15608416  0.19986261  0.23878479  0.14959896  0.16905446
  0.30529505  0.2517614   0.39942092  0.28744903  0.25500524  0.18526836
  0.37345058  0.31178552  0.3896818   0.50658274  0.10745247  0.5488134
  0.28744903  0.28744903  0.29231608  0.36371264  0.37345058  0.31340802
  0.28582639  0.21932276  0.28420436  0.34748393  0.3280114   0.366959
  0.31503063  0.3166527   0.32638866  0.28258184  0.43513525  0.42022187
  0.5845766   0.6348853   0.46652094  0.37889242  0.44395047  0.4626749
  0.57673836  0.75769496  0.58571815  0.5203173   0.46876198  0.5527795
  0.5564723   0.5202647   0.6132071   0.57358646  0.46848172  0.34517747
  0.33604726  0.4852337   0.6101591   0.66655636  0.8068627   0.5842527
  0.2615018   0.3436557   0.8465338   0.7610992   0.82059413  0.77482677
  0.6513123   0.5096026   0.46695912  0.9549092   0.82212     1.1596159
  0.83890414  0.30561662  0.2554181   0.6116833   0.7778775   0.79160684
  0.58577675  0.5324514   0.44411847  0.35126436  0.45325443  0.47609603
 -0.02878782  0.10613602  0.03982957  0.04183036  0.04818167  0.05471012
  0.06101518  0.06704915  0.07280416  0.07827945  0.07827945  0.07827945
  0.07827945  0.07827945  0.07827945  0.07827945  0.07827945  0.07827945
  0.07827945  0.07827945  0.07827945  0.07827945  0.07827945  0.07827945
  0.07827945  0.07827945  0.07827951  0.07827951  0.07827945  0.07827945
  0.07827945  0.07827945  0.07827945  0.07827945  0.07827945  0.07827945
  0.07827945  0.07827945  0.07827945  0.07827945  0.07827945  0.07827945
  0.07827945  0.07827945  0.07827945  0.07827945  0.07827945  0.07827945
  0.07827945  0.07990011  0.07827945  0.07990011  0.07990011  0.07827945
  0.09124471  0.0847623   0.08314164  0.07990011  0.0847621   0.08314151
  0.07827945  0.08314164  0.10259043  0.09286592  0.1058317   0.09772758
  0.0847623   0.09124471  0.10259043  0.11231507  0.11069427  0.09772758
  0.11879917  0.09448621  0.09934858  0.08800312  0.08638258  0.09286592
  0.09286592  0.1139361   0.09286592  0.08638258  0.08962443  0.08638258
  0.09286592  0.09286592  0.0847623   0.0847623   0.0847623   0.28258184
  0.08476242  0.09322602  0.12098965  0.12243456  0.11532603  0.13049412
  0.1276814   0.09975918  0.07293043  0.07142269  0.08551987  0.07368831
  0.07372505  0.06573455  0.08919668  0.04869321  0.05628885  0.05628885
  0.05628885  0.05325047  0.05173151  0.0623656   0.0623656   0.06540436
  0.08059759  0.0623656   0.06084638  0.05780823  0.05932737  0.06388508
  0.04565503  0.05780823  0.08059759  0.0502124   0.05325047  0.05780823
  0.06692351  0.06540436  0.05325047  0.0502124   0.05325047  0.04565503
  0.04717429  0.05173151  0.06084638  0.05173151  0.05476978  0.0623656
  0.05780823]
[0.         0.         0.         0.         0.         0.
 0.         0.         0.         0.         0.         0.
 0.         0.         0.         0.         0.         0.
 0.         0.         0.         0.         0.         0.
 0.         0.         0.         0.         0.         0.
 0.         0.         0.         0.         0.         0.
 0.         0.         0.         0.         0.         0.
 0.         0.         0.         0.         0.5604338  0.2078013
 0.15952422 0.26447436 0.00839601 0.14902921 0.54783976 0.3610285
 0.         0.75983906 0.31065243 0.5646318  0.4281966  0.47017667
 0.22459331 0.5520378  1.2929858  0.5667308  1.1607486  0.9130663
 0.9613434  1.0683925  0.36942452 1.6393212  0.9592444  0.84170014
 1.2132237  1.0201154  0.7997201  1.2258177  0.76193804 1.0075214
 0.6611859  0.3673255  0.05457408 0.3442365  0.30015743 0.24138536
 0.9655414  0.54364175 1.0054225  0.         0.5835228  0.4281966
 0.32954344 0.47017667 0.717859   0.4239986  0.3463355  0.32744446
 0.4785727  0.53944373 0.6506909  0.7682351  0.38201854 0.5814238
 0.27706838 0.65278995 0.684275   0.32954344 0.60031486 0.45548365
 0.48486966 0.43659264 0.38201854 0.54783976 0.3736225  0.70736396
 0.30435544 0.3736225  0.41980058 0.33584046 0.30645442 0.31065243
 0.         1.1817387  0.4974637  0.24348433 0.47227567 0.7514431
 0.6443939  0.5835228  0.7409481  0.5772258  0.37782052 0.68637395
 0.5142557  0.55413675 0.9424523  0.60241383 0.6548889  0.6569879
 0.         0.         0.         0.         0.         0.
 0.         0.         0.         0.         0.         0.
 0.         0.         0.         0.         0.         0.
 0.         0.         0.         0.         0.         0.
 0.         0.         0.         0.         0.         0.
 0.         0.         0.         0.         0.         0.
 0.         0.         0.         0.         0.         0.
 0.         0.         0.         0.         0.         0.
 0.         0.         0.         0.         0.         0.
 0.         0.002099   0.         0.002099   0.01049501 0.002099
 0.01679202 0.         0.01259402 0.03568305 0.02728704 0.05037607
 0.04198006 0.03568305 0.06716809 0.03568305 0.06087108 0.05247507
 0.04407906 0.09445513 0.08815812 0.04407906 0.1406332  0.14902921
 0.06506909 0.12594017 0.00629701 0.03358405 0.03778205 0.06087108
 0.13013819 0.05457408 0.09865315 0.02099003 0.2203953  0.02518803
 0.01259402 0.06506909 0.08815812 0.06087108 0.         0.09445513
 0.01679202 0.06716809 0.03148504 0.03148504 0.05667308 0.06926709
 0.02099003 0.06087108 0.04617807 0.         0.09445513 0.07556411
 0.         0.07766311 0.01259402 0.02518803 0.04198006 0.06087108
 0.04198006 0.04827707 0.04617807 0.02099003 0.         0.1364352
 0.05457408 0.23508833 0.         0.11334616 0.03148504 0.
 0.26237538 0.07556411 0.03358405 0.07976211 0.04407906 0.03778205
 0.05877208 0.04407906 0.05247507 0.03568305 0.03568305 0.01679202
 0.03568305 0.01679202 0.05247507 0.         0.         0.
 0.         0.         0.         0.         0.         0.
 0.         0.         0.         0.         0.         0.
 0.         0.         0.         0.         0.         0.
 0.         0.         0.         0.         0.         0.
 0.         0.         0.         0.         0.         0.
 0.         0.         0.         0.         0.         0.
 0.         0.         0.         0.         0.         0.
 0.         0.         0.00629701 0.00629701 0.00419801 0.02308903
 0.01679202 0.01049501 0.03148504 0.05247507 0.04198006 0.1406332
 0.10075214 0.15742522 0.2078013  0.09235613 0.11754417 0.2938604
 0.22459331 0.4156026  0.27077138 0.22879133 0.13853419 0.38201854
 0.30225644 0.40300855 0.55413675 0.03778205 0.6087109  0.27077138
 0.27077138 0.27706838 0.36942452 0.38201854 0.30435544 0.26867238
 0.18261325 0.26657337 0.3484345  0.32324645 0.3736225  0.30645442
 0.30855343 0.32114744 0.26447436 0.46178067 0.43449363 0.63809687
 0.69477    0.47227567 0.3547315  0.43659264 0.48486966 0.701067
 0.9655414  0.726255   0.63809687 0.57092875 0.692671   0.70316595
 0.6590869  0.7871261  0.73255205 0.5877208  0.4177016  0.40510756
 0.61080986 0.7829281  0.86059123 1.0536994  0.747245   0.30225644
 0.4156026  1.1082735  0.9907294  1.0725905  1.0096204  0.83960116
 0.6443939  0.58562183 1.2573028  1.0746895  1.5385692  1.0977784
 0.3631275  0.2938604  0.78502715 1.0138184  1.0327095  0.74934405
 0.67587894 0.55413675 0.4260976  0.5667308  0.5982158  0.
 0.         0.         0.         0.         0.         0.
 0.         0.         0.         0.         0.         0.
 0.         0.         0.         0.         0.         0.
 0.         0.         0.         0.         0.         0.
 0.         0.         0.         0.         0.         0.
 0.         0.         0.         0.         0.         0.
 0.         0.         0.         0.         0.         0.
 0.         0.         0.         0.         0.         0.
 0.002099   0.         0.002099   0.002099   0.         0.01679202
 0.00839601 0.00629701 0.002099   0.00839601 0.00629701 0.
 0.00629701 0.03148504 0.01889103 0.03568305 0.02518803 0.00839601
 0.01679202 0.03148504 0.04407906 0.04198006 0.02518803 0.05247507
 0.02099003 0.02728704 0.01259402 0.01049501 0.01889103 0.01889103
 0.04617807 0.01889103 0.01049501 0.01469302 0.01049501 0.01889103
 0.01889103 0.00839601 0.00839601 0.00839601 0.26447436 0.00839601
 0.01259402 0.04198006 0.03778205 0.02308903 0.03778205 0.03358405
 0.01889103 0.02938604 0.01469302 0.02728704 0.01469302 0.02099003
 0.01679202 0.05667308 0.00839601 0.01889103 0.01889103 0.01889103
 0.01469302 0.01259402 0.02728704 0.02728704 0.03148504 0.05247507
 0.02728704 0.02518803 0.02099003 0.02308903 0.02938604 0.00419801
 0.02099003 0.05247507 0.01049501 0.01469302 0.02099003 0.03358405
 0.03148504 0.01469302 0.01049501 0.01469302 0.00419801 0.00629701
 0.01259402 0.02518803 0.01259402 0.01679202 0.02728704 0.02099003
 0.02099003]